{
    "intrinsic": [
        [
            [
                644.1749267578125,
                0.0,
                253.13734436035156
            ],
            [
                0.0,
                645.4437866210938,
                319.591064453125
            ],
            [
                0.0,
                0.0,
                1.0
            ]
        ],
        [
            [
                642.4722900390625,
                0.0,
                253.94805908203125
            ],
            [
                0.0,
                644.1978149414062,
                311.5732421875
            ],
            [
                0.0,
                0.0,
                1.0
            ]
        ],
        [
            [
                642.352783203125,
                0.0,
                254.90013122558594
            ],
            [
                0.0,
                644.26171875,
                319.28173828125
            ],
            [
                0.0,
                0.0,
                1.0
            ]
        ],
        [
            [
                638.9288940429688,
                0.0,
                262.517578125
            ],
            [
                0.0,
                640.8009033203125,
                316.614013671875
            ],
            [
                0.0,
                0.0,
                1.0
            ]
        ],
        [
            [
                643.6553955078125,
                0.0,
                254.7690887451172
            ],
            [
                0.0,
                644.8839111328125,
                322.7745361328125
            ],
            [
                0.0,
                0.0,
                1.0
            ]
        ],
        [
            [
                646.0870361328125,
                0.0,
                261.5361022949219
            ],
            [
                0.0,
                647.206298828125,
                313.1196594238281
            ],
            [
                0.0,
                0.0,
                1.0
            ]
        ],
        [
            [
                643.5516967773438,
                0.0,
                260.11834716796875
            ],
            [
                0.0,
                644.630126953125,
                309.25408935546875
            ],
            [
                0.0,
                0.0,
                1.0
            ]
        ],
        [
            [
                644.1104736328125,
                0.0,
                255.4484100341797
            ],
            [
                0.0,
                645.22265625,
                318.9294738769531
            ],
            [
                0.0,
                0.0,
                1.0
            ]
        ],
        [
            [
                640.9790649414062,
                0.0,
                257.85772705078125
            ],
            [
                0.0,
                641.8439331054688,
                315.3513488769531
            ],
            [
                0.0,
                0.0,
                1.0
            ]
        ],
        [
            [
                642.4599609375,
                0.0,
                259.89459228515625
            ],
            [
                0.0,
                643.9256591796875,
                315.328369140625
            ],
            [
                0.0,
                0.0,
                1.0
            ]
        ],
        [
            [
                643.5491943359375,
                0.0,
                254.91339111328125
            ],
            [
                0.0,
                644.4769287109375,
                308.3668212890625
            ],
            [
                0.0,
                0.0,
                1.0
            ]
        ],
        [
            [
                643.46728515625,
                0.0,
                249.164794921875
            ],
            [
                0.0,
                644.3672485351562,
                308.67724609375
            ],
            [
                0.0,
                0.0,
                1.0
            ]
        ]
    ],
    "extrinsic": [
        [
            [
                0.9999998807907104,
                3.160383954536883e-08,
                -5.158265636850956e-08,
                1.7112208183789335e-07
            ],
            [
                3.160383954536883e-08,
                0.9999999403953552,
                3.775724621846166e-08,
                -1.2126980664106668e-07
            ],
            [
                -5.158265636850956e-08,
                3.775724621846166e-08,
                1.0,
                3.529392245127383e-08
            ],
            [
                0.0,
                0.0,
                0.0,
                1.0
            ]
        ],
        [
            [
                0.9142707586288452,
                0.19041214883327484,
                -0.35756412148475647,
                1.1436094045639038
            ],
            [
                -0.19610169529914856,
                0.980366051197052,
                0.020649438723921776,
                -0.062404144555330276
            ],
            [
                0.35447564721107483,
                0.051239803433418274,
                0.9336602091789246,
                0.18705931305885315
            ],
            [
                0.0,
                0.0,
                0.0,
                1.0
            ]
        ],
        [
            [
                0.6926189661026001,
                0.24331846833229065,
                -0.6790251731872559,
                2.1045403480529785
            ],
            [
                -0.28157922625541687,
                0.9579005241394043,
                0.0560329332947731,
                -0.19780826568603516
            ],
            [
                0.6640723347663879,
                0.15238994359970093,
                0.7319735288619995,
                0.7948368787765503
            ],
            [
                0.0,
                0.0,
                0.0,
                1.0
            ]
        ],
        [
            [
                0.0024334543850272894,
                0.2592567503452301,
                -0.9658053517341614,
                3.0976200103759766
            ],
            [
                -0.420486718416214,
                0.8765411376953125,
                0.23423568904399872,
                -0.8521655797958374
            ],
            [
                0.9072954058647156,
                0.4055383801460266,
                0.11114712804555893,
                2.68851375579834
            ],
            [
                0.0,
                0.0,
                0.0,
                1.0
            ]
        ],
        [
            [
                -0.40883713960647583,
                0.22702333331108093,
                -0.8839187622070312,
                2.831791877746582
            ],
            [
                -0.3957863450050354,
                0.8286302089691162,
                0.39588552713394165,
                -1.3632129430770874
            ],
            [
                0.8223169445991516,
                0.5116958022117615,
                -0.24892209470272064,
                3.8471791744232178
            ],
            [
                0.0,
                0.0,
                0.0,
                1.0
            ]
        ],
        [
            [
                -0.6948041915893555,
                0.12165612727403641,
                -0.7088350057601929,
                2.4022669792175293
            ],
            [
                -0.33381199836730957,
                0.8184447884559631,
                0.46767285466194153,
                -1.5180476903915405
            ],
            [
                0.6370375752449036,
                0.5615586638450623,
                -0.5280486345291138,
                4.733301639556885
            ],
            [
                0.0,
                0.0,
                0.0,
                1.0
            ]
        ],
        [
            [
                -0.9183821082115173,
                0.0005412636674009264,
                -0.39569389820098877,
                1.3951984643936157
            ],
            [
                -0.2304970771074295,
                0.8120885491371155,
                0.536081075668335,
                -1.689294457435608
            ],
            [
                0.32162877917289734,
                0.5835336446762085,
                -0.7456830143928528,
                5.4231038093566895
            ],
            [
                0.0,
                0.0,
                0.0,
                1.0
            ]
        ],
        [
            [
                -0.9958325624465942,
                -0.09008845686912537,
                0.014200479723513126,
                0.037534117698669434
            ],
            [
                -0.06533768773078918,
                0.813360869884491,
                0.5780789852142334,
                -1.844956636428833
            ],
            [
                -0.06362830102443695,
                0.5747419595718384,
                -0.8158572316169739,
                5.670821666717529
            ],
            [
                0.0,
                0.0,
                0.0,
                1.0
            ]
        ],
        [
            [
                -0.6865202784538269,
                -0.3362443745136261,
                0.6446933150291443,
                -1.9463638067245483
            ],
            [
                0.11542613804340363,
                0.8250100612640381,
                0.5532047152519226,
                -1.8297300338745117
            ],
            [
                -0.7178903222084045,
                0.4542006850242615,
                -0.5275745987892151,
                4.8220906257629395
            ],
            [
                0.0,
                0.0,
                0.0,
                1.0
            ]
        ],
        [
            [
                -0.37707000970840454,
                -0.32648563385009766,
                0.8667325973510742,
                -2.6059024333953857
            ],
            [
                0.18822693824768066,
                0.8892675638198853,
                0.41686198115348816,
                -1.2960580587387085
            ],
            [
                -0.9068564176559448,
                0.32032856345176697,
                -0.27386265993118286,
                4.039432048797607
            ],
            [
                0.0,
                0.0,
                0.0,
                1.0
            ]
        ],
        [
            [
                0.43000176548957825,
                -0.22971302270889282,
                0.8731153607368469,
                -2.780963659286499
            ],
            [
                0.1867399513721466,
                0.9688060879707336,
                0.16292113065719604,
                -0.5261824131011963
            ],
            [
                -0.8833042979240417,
                0.09298922121524811,
                0.45948484539985657,
                1.7896554470062256
            ],
            [
                0.0,
                0.0,
                0.0,
                1.0
            ]
        ],
        [
            [
                0.719775378704071,
                -0.17149598896503448,
                0.6726903319358826,
                -2.1024410724639893
            ],
            [
                0.16017639636993408,
                0.9838860630989075,
                0.0794445276260376,
                -0.352126806974411
            ],
            [
                -0.6754751205444336,
                0.05056682229042053,
                0.7356467247009277,
                0.8699131608009338
            ],
            [
                0.0,
                0.0,
                0.0,
                1.0
            ]
        ]
    ]
}
